46434642 /* Tag, ASCII "FCFB" */
00000156 /* Version */
00000000
00030300 /* ColumnAddressWidth, DataSetupTime, DataHoldTime, ReadSampleClkSrc */
00000000
00000000
00000000
00000000
00000000
00000000
00000000
00000000
00000000
00000000
00000000
00000000
00000000
01010600 /* Serial Nor, Single, SerialClkFreq 133MHz... */
00000000
00000000
00000010 /* SFlashA1Size */
00000000
00000000
00000000
00000000
00000000
00000000
00000000
00000000
00000000
00000000
00000000
0b041808 /* LUT Table idx0 read*/
08300424
00000000
00000000
00000000 
00000000
00000000
00000000
00000000
00000000
00000000
00000000
00000000
00000000
00000000
00000000
00000000
00000000
00000000
00000000
00000000
00000000
00000000
00000000
00000000
00000000
00000000
00000000
00000000
00000000
00000000
00000000
00000000
00000000
00000000
00000000
00000000
00000000
00000000
00000000
00000000
00000000
00000000
00000000
00000000
00000000
00000000
00000000
00000000
00000000
00000000
00000000
00000000
00000000
00000000
00000000
00000000
00000000
00000000
00000000
00000000
00000000
00000000
00000000
00000000
00000000
00000000
00000000
00000000
00000000
00000000
00000000
00000000
00000000
00000000
00000000
00000000
00000000
00000000
00000000
00010000 /* Page Size, not used in ROM */
00000100 /* Sector Size, not used in ROM */
00000000
00000000
00000000
00000000
00000000
00000000
00000000
00000000
00000000
00000000
00000000
00000000
00000000
00000000
